1338,1557,1100
1339,1558,1100
1339,1558,1100
1340,1559,1100
1341,1559,1100
1342,1560,1100
1343,1561,1100
1344,1561,1100
1345,1562,1100
1346,1562,1100
1346,1563,1100
1347,1563,1100
1348,1564,1100
1349,1565,1100
1350,1565,1100
1351,1566,1100
1352,1566,1100
1352,1567,1100
1353,1567,1100
1354,1568,1100
1355,1569,1100
1356,1569,1100
1357,1570,1100
1358,1570,1100
1358,1571,1100
1359,1571,1100
1360,1572,1100
1361,1573,1100
1362,1573,1100
1363,1574,1100
1364,1574,1100
1364,1575,1100
1365,1575,1100
1366,1576,1100
1367,1577,1100
1368,1577,1100
1369,1578,1100
1370,1578,1100
1370,1579,1100
1371,1580,1100
1372,1580,1100
1373,1581,1100
1374,1581,1100
1375,1582,1100
1376,1583,1100
1376,1583,1100
1377,1584,1100
1378,1584,1100
1379,1585,1100
1380,1586,1100
1381,1586,1100
1382,1587,1100
1383,1587,1100
1384,1587,1100
1385,1588,1100
1386,1588,1100
1387,1588,1100
1388,1589,1100
1390,1589,1100
1391,1589,1100
1392,1590,1100
1393,1590,1100
1394,1590,1100
1395,1591,1100
1396,1591,1100
1397,1591,1100
1399,1592,1100
1400,1592,1100
1401,1592,1100
1402,1593,1100
1403,1593,1100
1404,1594,1100
1405,1594,1100
1406,1594,1100
1408,1595,1100
1409,1595,1100
1410,1595,1100
1411,1596,1100
1412,1596,1100
1413,1596,1100
1414,1597,1100
1415,1597,1100
1416,1598,1100
1418,1598,1100
1419,1598,1100
1420,1599,1100
1421,1599,1100
1422,1600,1100
1423,1600,1100
1424,1600,1100
1425,1601,1100
1426,1601,1100
1427,1602,1100
1429,1602,1100
1430,1602,1100
1431,1603,1100
1432,1603,1100
1433,1604,1100
1434,1604,1100
1435,1604,1100
1436,1605,1100
1437,1605,1100
1438,1605,1100
1439,1604,1100
1440,1604,1100
1441,1604,1100
1442,1604,1100
1443,1604,1100
1444,1604,1100
1445,1603,1100
1445,1603,1100
1446,1603,1100
1447,1603,1100
1448,1603,1100
1449,1603,1100
1450,1603,1100
1451,1603,1100
1452,1602,1100
1453,1602,1100
1454,1602,1100
1455,1602,1100
1455,1602,1100
1456,1602,1100
1457,1602,1100
1458,1601,1100
1459,1601,1100
1460,1601,1100
1461,1601,1100
1462,1601,1100
1463,1601,1100
1464,1601,1100
1464,1601,1100
1465,1601,1100
1466,1600,1100
1467,1600,1100
1468,1600,1100
1469,1600,1100
1470,1600,1100
1471,1600,1100
1472,1600,1100
1473,1600,1100
1473,1600,1100
1474,1600,1100
1475,1599,1100
1476,1599,1100
1477,1599,1100
1478,1599,1100
1479,1599,1100
1480,1599,1100
1481,1599,1100
1482,1599,1100
1482,1598,1100
1482,1598,1100
1482,1597,1100
1482,1597,1100
1483,1596,1100
1483,1596,1100
1483,1596,1100
1483,1595,1100
1484,1595,1100
1484,1594,1100
1484,1594,1100
1484,1593,1100
1484,1593,1100
1485,1592,1100
1485,1592,1100
1485,1591,1100
1485,1591,1100
1485,1590,1100
1486,1590,1100
1486,1589,1100
1486,1589,1100
1486,1588,1100
1486,1588,1100
1487,1587,1100
1487,1587,1100
1487,1586,1100
1487,1586,1100
1488,1586,1100
1488,1585,1100
1488,1585,1100
1488,1584,1100
1488,1584,1100
1489,1583,1100
1489,1583,1100
1489,1582,1100
1489,1582,1100
1489,1581,1100
1490,1581,1100
1490,1580,1100
1490,1580,1100
1490,1579,1100
1490,1579,1100
1491,1579,1100
1491,1578,1100
1491,1578,1100
1491,1577,1100
1491,1577,1100
1492,1576,1100
1492,1576,1100
1492,1575,1100
1492,1574,1100
1492,1573,1100
1492,1572,1100
1492,1572,1100
1493,1571,1100
1493,1570,1100
1493,1569,1100
1493,1568,1100
1493,1567,1100
1493,1566,1100
1493,1565,1100
1493,1564,1100
1494,1563,1100
1494,1562,1100
1494,1561,1100
1494,1560,1100
1494,1559,1100
1494,1559,1100
1494,1558,1100
1494,1557,1100
1494,1556,1100
1494,1555,1100
1495,1554,1100
1495,1553,1100
1495,1552,1100
1495,1551,1100
1495,1550,1100
1495,1549,1100
1495,1548,1100
1495,1547,1100
1495,1547,1100
1495,1546,1100
1495,1545,1100
1495,1544,1100
1496,1543,1100
1496,1542,1100
1496,1541,1100
1496,1540,1100
1496,1539,1100
1496,1538,1100
1496,1537,1100
1496,1537,1100
1496,1536,1100
1496,1535,1100
1496,1534,1100
1496,1533,1100
1496,1532,1100
1496,1531,1100
1496,1530,1100
1496,1529,1100
1497,1530,1100
1498,1530,1100
1499,1530,1100
1500,1530,1100
1501,1530,1100
1502,1531,1100
1503,1531,1100
1504,1531,1100
1505,1531,1100
1506,1532,1100
1507,1532,1100
1508,1532,1100
1509,1532,1100
1510,1533,1100
1511,1533,1100
1512,1533,1100
1513,1533,1100
1514,1534,1100
1515,1534,1100
1516,1534,1100
1517,1534,1100
1518,1535,1100
1519,1535,1100
1520,1535,1100
1521,1536,1100
1522,1536,1100
1523,1536,1100
1524,1536,1100
1525,1537,1100
1526,1537,1100
1527,1537,1100
1528,1537,1100
1529,1538,1100
1530,1538,1100
1531,1538,1100
1532,1539,1100
1533,1539,1100
1534,1539,1100
1535,1539,1100
1536,1540,1100
1537,1540,1100
1538,1540,1100
1539,1541,1100
1540,1541,1100
1541,1541,1100
1541,1541,1100
1542,1542,1100
1543,1542,1100
1544,1542,1100
1545,1543,1100
1546,1543,1100
1547,1543,1100
1548,1544,1100
1549,1544,1100
1550,1545,1100
1551,1545,1100
1552,1545,1100
1553,1546,1100
1553,1546,1100
1554,1546,1100
1555,1547,1100
1556,1547,1100
1557,1548,1100
1558,1548,1100
1559,1548,1100
1560,1549,1100
1561,1549,1100
1562,1549,1100
1562,1550,1100
1563,1550,1100
1564,1551,1100
1565,1551,1100
1566,1551,1100
1567,1552,1100
1568,1552,1100
1569,1553,1100
1570,1553,1100
1570,1553,1100
1571,1554,1100
1572,1554,1100
1573,1555,1100
1574,1555,1100
1575,1555,1100
1576,1556,1100
1577,1556,1100
1578,1557,1100
1579,1557,1100
1579,1557,1100
1580,1558,1100
1581,1558,1100
1582,1559,1100
1583,1559,1100
1584,1560,1100
1585,1560,1100
1586,1560,1100
1587,1561,1100
1588,1561,1100
1589,1562,1100
1589,1562,1100
1590,1562,1100
1591,1562,1100
1592,1562,1100
1593,1562,1100
1594,1561,1100
1595,1561,1100
1596,1561,1100
1596,1561,1100
1597,1560,1100
1598,1560,1100
1599,1560,1100
1600,1560,1100
1601,1559,1100
1602,1559,1100
1602,1559,1100
1603,1559,1100
1604,1559,1100
1605,1558,1100
1606,1558,1100
1607,1558,1100
1608,1558,1100
1609,1557,1100
1609,1557,1100
1610,1557,1100
1611,1557,1100
1612,1557,1100
1613,1556,1100
1614,1556,1100
1615,1556,1100
1615,1556,1100
1616,1556,1100
1617,1555,1100
1618,1555,1100
1619,1555,1100
1620,1555,1100
1621,1555,1100
1621,1554,1100
1622,1554,1100
1623,1554,1100
1624,1554,1100
1625,1554,1100
1626,1554,1100
1627,1553,1100
1627,1553,1100
1628,1553,1100
1629,1553,1100
1630,1553,1100
1631,1553,1100
1632,1553,1100
1633,1552,1100
1633,1552,1100
1633,1552,1100
1633,1551,1100
1633,1550,1100
1633,1550,1100
1633,1549,1100
1633,1549,1100
1633,1548,1100
1633,1548,1100
1633,1547,1100
1633,1546,1100
1633,1546,1100
1633,1545,1100
1633,1545,1100
1633,1544,1100
1633,1544,1100
1633,1543,1100
1633,1542,1100
1633,1542,1100
1633,1541,1100
1633,1541,1100
1633,1540,1100
1633,1540,1100
1633,1539,1100
1633,1538,1100
1633,1538,1100
1633,1537,1100
1633,1537,1100
1633,1536,1100
1633,1536,1100
1633,1535,1100
1633,1534,1100
1633,1534,1100
1632,1533,1100
1632,1533,1100
1632,1532,1100
1632,1532,1100
1632,1531,1100
1632,1530,1100
1632,1530,1100
1632,1529,1100
1632,1529,1100
1632,1528,1100
1632,1528,1100
1632,1527,1100
1632,1526,1100
1632,1526,1100
1632,1525,1100
1632,1525,1100
1632,1524,1100
1632,1524,1100
1631,1523,1100
1631,1522,1100
1631,1521,1100
1631,1521,1100
1630,1520,1100
1630,1519,1100
1630,1519,1100
1630,1518,1100
1629,1517,1100
1629,1516,1100
1629,1516,1100
1629,1515,1100
1628,1514,1100
1628,1514,1100
1628,1513,1100
1627,1512,1100
1627,1512,1100
1627,1511,1100
1627,1510,1100
1626,1509,1100
1626,1509,1100
1626,1508,1100
1626,1507,1100
1625,1507,1100
1625,1506,1100
1625,1505,1100
1624,1504,1100
1624,1504,1100
1624,1503,1100
1624,1502,1100
1623,1502,1100
1623,1501,1100
1623,1500,1100
1622,1500,1100
1622,1499,1100
1622,1498,1100
1622,1497,1100
1621,1497,1100
1621,1496,1100
1621,1495,1100
1620,1495,1100
1620,1494,1100
1620,1493,1100
1620,1492,1100
1619,1492,1100
1619,1491,1100
1619,1490,1100
1618,1490,1100
1618,1489,1100
1618,1488,1100
1616,1486,1100
1614,1483,1100
1611,1481,1100
1609,1479,1100
1607,1476,1100
1605,1474,1100
1603,1471,1100
1601,1469,1100
1599,1466,1100
1597,1464,1100
1594,1462,1100
1592,1459,1100
1590,1457,1100
1588,1454,1100
1586,1452,1100
1584,1449,1100
1581,1447,1100
1579,1445,1100
1577,1442,1100
1575,1440,1100
1573,1437,1100
1570,1435,1100
1568,1432,1100
1566,1430,1100
1564,1428,1100
1562,1425,1100
1559,1423,1100
1557,1420,1100
1555,1418,1100
1553,1415,1100
1550,1413,1100
1548,1410,1100
1546,1408,1100
1544,1405,1100
1541,1403,1100
1539,1400,1100
1537,1398,1100
1535,1396,1100
1532,1393,1100
1530,1391,1100
1528,1388,1100
1526,1386,1100
1523,1383,1100
1521,1381,1100
1519,1378,1100
1516,1376,1100
1514,1373,1100
1512,1371,1100
1509,1368,1100
1507,1366,1100
1505,1364,1100
1503,1362,1100
1501,1360,1100
1499,1358,1100
1497,1356,1100
1495,1354,1100
1493,1352,1100
1491,1350,1100
1489,1348,1100
1486,1346,1100
1484,1344,1100
1482,1343,1100
1480,1341,1100
1478,1339,1100
1476,1337,1100
1474,1335,1100
1472,1333,1100
1470,1331,1100
1468,1329,1100
1466,1327,1100
1464,1325,1100
1462,1323,1100
1460,1321,1100
1458,1319,1100
1456,1318,1100
1454,1316,1100
1451,1314,1100
1449,1312,1100
1447,1310,1100
1445,1308,1100
1443,1306,1100
1441,1304,1100
1439,1302,1100
1437,1300,1100
1435,1299,1100
1433,1297,1100
1431,1295,1100
1429,1293,1100
1427,1291,1100
1425,1289,1100
1423,1287,1100
1421,1285,1100
1419,1283,1100
1417,1282,1100
1415,1280,1100
1413,1278,1100
1411,1276,1100
1409,1274,1100
1406,1272,1100
1404,1271,1100
1403,1270,1100
1402,1269,1100
1401,1268,1100
1399,1267,1100
1398,1266,1100
1397,1265,1100
1396,1264,1100
1394,1263,1100
1393,1263,1100
1392,1262,1100
1391,1261,1100
1389,1260,1100
1388,1259,1100
1387,1258,1100
1386,1257,1100
1385,1256,1100
1383,1256,1100
1382,1255,1100
1381,1254,1100
1380,1253,1100
1378,1252,1100
1377,1251,1100
1376,1251,1100
1375,1250,1100
1373,1249,1100
1372,1248,1100
1371,1247,1100
1370,1246,1100
1369,1246,1100
1367,1245,1100
1366,1244,1100
1365,1243,1100
1364,1242,1100
1362,1241,1100
1361,1241,1100
1360,1240,1100
1359,1239,1100
1358,1238,1100
1356,1237,1100
1355,1237,1100
1354,1236,1100
1353,1235,1100
1351,1234,1100
1350,1233,1100
1349,1233,1100
1348,1232,1100
1347,1231,1100
1345,1230,1100
1344,1230,1100
1343,1229,1100
1342,1229,1100
1341,1228,1100
1340,1228,1100
1339,1228,1100
1338,1228,1100
1337,1228,1100
1336,1228,1100
1335,1228,1100
1334,1227,1100
1333,1227,1100
1332,1227,1100
1331,1227,1100
1330,1227,1100
1329,1227,1100
1328,1227,1100
1327,1227,1100
1326,1226,1100
1325,1226,1100
1324,1226,1100
1322,1226,1100
1321,1226,1100
1320,1226,1100
1319,1226,1100
1318,1226,1100
1317,1226,1100
1316,1226,1100
1315,1226,1100
1314,1226,1100
1313,1225,1100
1312,1225,1100
1311,1225,1100
1310,1225,1100
1309,1225,1100
1308,1225,1100
1307,1225,1100
1306,1225,1100
1305,1225,1100
1304,1225,1100
1303,1225,1100
1302,1225,1100
1301,1225,1100
1300,1225,1100
1299,1225,1100
1298,1225,1100
1297,1225,1100
1296,1225,1100
1295,1225,1100
1294,1225,1100
1293,1225,1100
1291,1225,1100
1292,1226,1100
1292,1227,1100
1292,1228,1100
1292,1229,1100
1292,1230,1100
1292,1231,1100
1292,1232,1100
1292,1233,1100
1292,1234,1100
1292,1235,1100
1292,1236,1100
1292,1238,1100
1292,1239,1100
1292,1240,1100
1292,1241,1100
1292,1242,1100
1292,1243,1100
1292,1244,1100
1292,1245,1100
1292,1246,1100
1292,1247,1100
1292,1248,1100
1292,1249,1100
1292,1250,1100
1293,1251,1100
1293,1252,1100
1293,1253,1100
1293,1254,1100
1293,1256,1100
1293,1257,1100
1293,1258,1100
1292,1259,1100
1292,1260,1100
1292,1261,1100
1292,1262,1100
1292,1263,1100
1292,1264,1100
1292,1265,1100
1292,1266,1100
1292,1267,1100
1292,1268,1100
1292,1269,1100
1292,1270,1100
1292,1271,1100
1292,1272,1100
1292,1274,1100
1292,1275,1100
1292,1276,1100
1292,1277,1100
1292,1278,1100
1292,1279,1100
1293,1280,1100
1293,1281,1100
1293,1282,1100
1294,1283,1100
1294,1284,1100
1295,1285,1100
1295,1287,1100
1295,1288,1100
1296,1289,1100
1296,1290,1100
1297,1291,1100
1297,1292,1100
1297,1293,1100
1298,1294,1100
1298,1295,1100
1299,1296,1100
1299,1297,1100
1299,1299,1100
1300,1300,1100
1300,1301,1100
1300,1302,1100
1301,1303,1100
1301,1304,1100
1302,1305,1100
1302,1306,1100
1302,1307,1100
1303,1308,1100
1303,1309,1100
1303,1311,1100
1304,1312,1100
1304,1313,1100
1304,1314,1100
1305,1315,1100
1305,1316,1100
1306,1317,1100
1306,1318,1100
1306,1319,1100
1307,1320,1100
1307,1321,1100
1307,1323,1100
1308,1324,1100
1308,1325,1100
1308,1326,1100
1309,1327,1100
1309,1328,1100
1309,1329,1100
1310,1330,1100
1310,1331,1100
1310,1332,1100
1311,1333,1100
1311,1334,1100
1311,1334,1100
1312,1335,1100
1312,1336,1100
1313,1336,1100
1313,1337,1100
1313,1337,1100
1314,1338,1100
1314,1339,1100
1315,1339,1100
1315,1340,1100
1315,1341,1100
1316,1341,1100
1316,1342,1100
1317,1343,1100
1317,1343,1100
1317,1344,1100
1318,1344,1100
1318,1345,1100
1319,1346,1100
1319,1346,1100
1319,1347,1100
1320,1348,1100
1320,1348,1100
1321,1349,1100
1321,1350,1100
1321,1350,1100
1322,1351,1100
1322,1352,1100
1323,1352,1100
1323,1353,1100
1323,1353,1100
1324,1354,1100
1324,1355,1100
1325,1355,1100
1325,1356,1100
1325,1357,1100
1326,1357,1100
1326,1358,1100
1326,1359,1100
1327,1359,1100
1327,1360,1100
1328,1360,1100
1328,1361,1100
1328,1362,1100
1329,1362,1100
1329,1363,1100
1330,1364,1100
1330,1364,1100
1329,1364,1100
1328,1364,1100
1328,1365,1100
1327,1365,1100
1326,1365,1100
1325,1365,1100
1324,1365,1100
1324,1365,1100
1323,1365,1100
1322,1365,1100
1321,1365,1100
1320,1365,1100
1320,1365,1100
1319,1365,1100
1318,1366,1100
1317,1366,1100
1316,1366,1100
1316,1366,1100
1315,1366,1100
1314,1366,1100
1313,1366,1100
1312,1366,1100
1311,1366,1100
1311,1366,1100
1310,1367,1100
1309,1367,1100
1308,1367,1100
1307,1367,1100
1307,1367,1100
1306,1367,1100
1305,1367,1100
1304,1367,1100
1303,1367,1100
1303,1368,1100
1302,1368,1100
1301,1368,1100
1300,1368,1100
1299,1368,1100
1298,1368,1100
1298,1368,1100
1297,1368,1100
1296,1369,1100
1295,1369,1100
1294,1369,1100
1294,1369,1100
1293,1369,1100
1292,1369,1100
1291,1369,1100
1290,1369,1100
1289,1370,1100
1289,1370,1100
1288,1371,1100
1288,1372,1100
1287,1373,1100
1286,1374,1100
1286,1375,1100
1285,1375,1100
1285,1376,1100
1284,1377,1100
1283,1378,1100
1283,1379,1100
1282,1379,1100
1281,1380,1100
1281,1381,1100
1280,1382,1100
1280,1383,1100
1279,1384,1100
1278,1385,1100
1278,1385,1100
1277,1386,1100
1276,1387,1100
1276,1388,1100
1275,1389,1100
1274,1390,1100
1274,1390,1100
1273,1391,1100
1272,1392,1100
1272,1393,1100
1271,1394,1100
1270,1395,1100
1270,1396,1100
1269,1396,1100
1268,1397,1100
1268,1398,1100
1267,1399,1100
1266,1400,1100
1266,1401,1100
1265,1402,1100
1264,1403,1100
1264,1403,1100
1263,1404,1100
1262,1405,1100
1262,1406,1100
1261,1407,1100
1260,1408,1100
1259,1409,1100
1259,1410,1100
1258,1411,1100
1257,1411,1100
1257,1412,1100
1258,1414,1100
1259,1415,1100
1260,1416,1100
1261,1417,1100
1262,1418,1100
1263,1419,1100
1264,1421,1100
1265,1422,1100
1266,1423,1100
1268,1424,1100
1269,1425,1100
1270,1426,1100
1271,1428,1100
1272,1429,1100
1273,1430,1100
1274,1431,1100
1275,1432,1100
1276,1434,1100
1277,1435,1100
1279,1436,1100
1280,1437,1100
1281,1438,1100
1282,1439,1100
1283,1441,1100
1284,1442,1100
1285,1443,1100
1286,1444,1100
1287,1445,1100
1288,1447,1100
1289,1448,1100
1290,1449,1100
1291,1450,1100
1292,1452,1100
1294,1453,1100
1295,1454,1100
1296,1455,1100
1297,1456,1100
1298,1458,1100
1299,1459,1100
1300,1460,1100
1301,1461,1100
1302,1462,1100
1303,1464,1100
1304,1465,1100
1305,1466,1100
1306,1467,1100
1307,1469,1100
1308,1470,1100
1309,1471,1100
1310,1472,1100
1311,1474,1100
1311,1475,1100
1312,1476,1100
1312,1478,1100
1313,1479,1100
1313,1481,1100
1313,1482,1100
1314,1483,1100
1314,1485,1100
1315,1486,1100
1315,1488,1100
1316,1489,1100
1316,1490,1100
1316,1492,1100
1317,1493,1100
1317,1495,1100
1318,1496,1100
1318,1497,1100
1318,1499,1100
1319,1500,1100
1319,1502,1100
1320,1503,1100
1320,1505,1100
1320,1506,1100
1321,1507,1100
1321,1509,1100
1322,1510,1100
1322,1512,1100
1322,1513,1100
1323,1514,1100
1323,1516,1100
1324,1517,1100
1324,1519,1100
1324,1520,1100
1325,1522,1100
1325,1523,1100
1325,1524,1100
1326,1526,1100
1326,1527,1100
1326,1529,1100
1327,1530,1100
1327,1532,1100
1327,1533,1100
1328,1535,1100
1328,1536,1100
1328,1537,1100
1329,1539,1100
1329,1540,1100
1329,1542,1100
1330,1543,1100
1330,1544,1100
1329,1546,1100
1329,1547,1100
1329,1548,1100
1329,1549,1100
1329,1550,1100
1329,1551,1100
1329,1552,1100
1328,1553,1100
1328,1555,1100
1328,1556,1100
1328,1557,1100
1328,1558,1100
1328,1559,1100
1328,1560,1100
1327,1561,1100
1327,1563,1100
1327,1564,1100
1327,1565,1100
1327,1566,1100
1327,1567,1100
1326,1568,1100
1326,1570,1100
1326,1571,1100
1326,1572,1100
1326,1573,1100
1325,1574,1100
1325,1575,1100
1325,1577,1100
1325,1578,1100
1325,1579,1100
1325,1580,1100
1324,1581,1100
1324,1582,1100
1324,1584,1100
1324,1585,1100
1324,1586,1100
1323,1587,1100
1323,1588,1100
1323,1590,1100
1323,1591,1100
1322,1592,1100
1322,1593,1100
1322,1594,1100
1322,1596,1100
1322,1597,1100
1321,1598,1100
1321,1599,1100
1321,1600,1100
1321,1602,1700
1321,1601,1700
1321,1600,1700
1321,1599,1700
1321,1598,1700
1321,1597,1700
1321,1595,1700
1321,1594,1700
1321,1593,1700
1321,1592,1700
1321,1591,1700
1321,1590,1700
1321,1589,1700
1321,1588,1700
1321,1587,1700
1321,1586,1700
1321,1585,1700
1321,1584,1700
1321,1583,1700
1321,1582,1700
1321,1581,1700
1321,1580,1700
1321,1579,1700
1321,1578,1700
1321,1577,1700
1321,1576,1700
1321,1575,1700
1321,1574,1700
1321,1573,1700
1321,1572,1700
1321,1571,1700
1321,1570,1700
1321,1570,1700
1321,1569,1700
1321,1568,1700
1321,1567,1700
1321,1566,1700
1321,1565,1700
1321,1564,1700
1321,1563,1700
1321,1562,1700
1321,1561,1700
1321,1560,1700
1321,1559,1700
1321,1558,1700
1321,1557,1700
1321,1556,1700
1321,1555,1700
1321,1554,1700
1321,1553,1700
1321,1552,1100
1318,1552,1100
1316,1553,1100
1313,1553,1100
1310,1554,1100
1307,1554,1100
1305,1555,1100
1302,1555,1100
1299,1556,1100
1296,1556,1100
1294,1557,1100
1291,1558,1100
1288,1558,1100
1285,1559,1100
1282,1559,1100
1279,1560,1100
1276,1561,1100
1274,1561,1100
1271,1562,1100
1268,1563,1100
1265,1564,1100
1262,1564,1100
1259,1565,1100
1256,1566,1100
1253,1567,1100
1250,1568,1100
1247,1568,1100
1244,1569,1100
1241,1570,1100
1238,1571,1100
1235,1572,1100
1232,1573,1100
1229,1574,1100
1225,1575,1100
1222,1576,1100
1219,1577,1100
1216,1578,1100
1213,1579,1100
1209,1580,1100
1206,1581,1100
1203,1582,1100
1199,1583,1100
1196,1584,1100
1193,1586,1100
1189,1587,1100
1186,1588,1100
1182,1589,1100
1179,1590,1100
1175,1592,1100
1171,1593,1100
1168,1595,1100
1168,1592,1100
1168,1589,1100
1168,1586,1100
1169,1583,1100
1169,1581,1100
1169,1578,1100
1169,1575,1100
1169,1572,1100
1169,1570,1100
1169,1567,1100
1169,1564,1100
1170,1562,1100
1170,1559,1100
1170,1556,1100
1170,1554,1100
1170,1551,1100
1170,1548,1100
1170,1546,1100
1170,1543,1100
1170,1541,1100
1170,1538,1100
1170,1535,1100
1170,1533,1100
1169,1530,1100
1169,1528,1100
1169,1525,1100
1169,1523,1100
1169,1520,1100
1169,1518,1100
1169,1515,1100
1169,1513,1100
1169,1510,1100
1168,1508,1100
1168,1505,1100
1168,1503,1100
1168,1500,1100
1168,1498,1100
1167,1495,1100
1167,1493,1100
1167,1491,1100
1167,1488,1100
1166,1486,1100
1166,1483,1100
1166,1481,1100
1166,1479,1100
1165,1476,1100
1165,1474,1100
1165,1471,1100
1164,1469,1100
1164,1467,1100
1166,1466,1100
1168,1465,1100
1170,1464,1100
1172,1463,1100
1174,1462,1100
1177,1462,1100
1179,1461,1100
1181,1460,1100
1183,1459,1100
1185,1459,1100
1187,1458,1100
1189,1457,1100
1191,1456,1100
1193,1456,1100
1195,1455,1100
1197,1454,1100
1199,1453,1100
1201,1453,1100
1202,1452,1100
1204,1451,1100
1206,1451,1100
1208,1450,1100
1210,1449,1100
1212,1449,1100
1214,1448,1100
1216,1447,1100
1218,1447,1100
1220,1446,1100
1222,1445,1100
1223,1445,1100
1225,1444,1100
1227,1444,1100
1229,1443,1100
1231,1442,1100
1233,1442,1100
1235,1441,1100
1236,1441,1100
1238,1440,1100
1240,1439,1100
1242,1439,1100
1244,1438,1100
1245,1438,1100
1247,1437,1100
1249,1437,1100
1251,1436,1100
1253,1436,1100
1254,1435,1100
1256,1435,1100
1258,1434,1100
1260,1434,1100
1259,1433,1100
1258,1432,1100
1257,1432,1100
1257,1431,1100
1256,1430,1100
1255,1429,1100
1254,1429,1100
1254,1428,1100
1253,1427,1100
1252,1427,1100
1251,1426,1100
1251,1425,1100
1250,1425,1100
1249,1424,1100
1248,1423,1100
1247,1422,1100
1247,1422,1100
1246,1421,1100
1245,1420,1100
1244,1420,1100
1244,1419,1100
1243,1418,1100
1242,1418,1100
1241,1417,1100
1241,1416,1100
1240,1416,1100
1239,1415,1100
1238,1414,1100
1237,1414,1100
1237,1413,1100
1236,1412,1100
1235,1411,1100
1234,1411,1100
1234,1410,1100
1233,1409,1100
1232,1409,1100
1231,1408,1100
1231,1407,1100
1230,1407,1100
1229,1406,1100
1228,1405,1100
1227,1405,1100
1227,1404,1100
1226,1403,1100
1225,1403,1100
1224,1402,1100
1223,1401,1100
1223,1401,1100
1222,1400,1100
1221,1399,1700
1226,1399,1700
1231,1398,1700
1236,1398,1700
1241,1397,1700
1246,1397,1700
1250,1396,1700
1255,1396,1700
1260,1395,1700
1265,1395,1700
1269,1395,1700
1274,1395,1700
1279,1394,1700
1283,1394,1700
1288,1394,1700
1293,1394,1700
1297,1394,1700
1302,1394,1700
1307,1394,1700
1311,1394,1700
1316,1394,1700
1320,1394,1700
1325,1395,1700
1329,1395,1700
1334,1395,1700
1338,1395,1700
1343,1396,1700
1347,1396,1700
1352,1397,1700
1356,1397,1700
1361,1397,1700
1365,1398,1700
1370,1399,1700
1374,1399,1700
1379,1400,1700
1383,1400,1700
1388,1401,1700
1392,1402,1700
1397,1403,1700
1401,1404,1700
1406,1404,1700
1410,1405,1700
1415,1406,1700
1419,1407,1700
1424,1408,1700
1428,1409,1700
1433,1411,1700
1437,1412,1700
1441,1413,1700
1446,1414,1700
1450,1415,1100
1451,1415,1100
1451,1415,1100
1451,1415,1100
1452,1415,1100
1452,1415,1100
1452,1415,1100
1453,1415,1100
1453,1415,1100
1453,1415,1100
1454,1415,1100
1454,1415,1100
1454,1415,1100
1454,1415,1100
1455,1415,1100
1455,1415,1100
1455,1415,1100
1456,1415,1100
1456,1415,1100
1456,1415,1100
1457,1414,1100
1457,1414,1100
1457,1414,1100
1457,1414,1100
1458,1414,1100
1458,1414,1100
1458,1414,1100
1459,1414,1100
1459,1414,1100
1459,1414,1100
1460,1414,1100
1460,1414,1100
1460,1414,1100
1461,1414,1100
1461,1414,1100
1461,1414,1100
1461,1414,1100
1462,1414,1100
1462,1414,1100
1462,1414,1100
1463,1414,1100
1463,1414,1100
1463,1414,1100
1464,1414,1100
1464,1414,1100
1464,1414,1100
1464,1414,1100
1465,1414,1100
1465,1414,1100
1465,1413,1100
1466,1413,1100
1465,1413,1100
1465,1412,1100
1465,1412,1100
1465,1411,1100
1465,1411,1100
1465,1410,1100
1464,1410,1100
1464,1409,1100
1464,1409,1100
1464,1408,1100
1464,1408,1100
1464,1407,1100
1463,1407,1100
1463,1406,1100
1463,1406,1100
1463,1405,1100
1463,1405,1100
1463,1404,1100
1462,1404,1100
1462,1403,1100
1462,1403,1100
1462,1402,1100
1462,1402,1100
1462,1401,1100
1461,1401,1100
1461,1400,1100
1461,1400,1100
1461,1399,1100
1461,1399,1100
1460,1398,1100
1460,1398,1100
1460,1397,1100
1460,1397,1100
1460,1396,1100
1460,1396,1100
1459,1395,1100
1459,1395,1100
1459,1394,1100
1459,1394,1100
1459,1393,1100
1458,1393,1100
1458,1392,1100
1458,1392,1100
1458,1391,1100
1458,1391,1100
1457,1390,1100
1457,1390,1100
1457,1389,1100
1457,1389,1100
1457,1388,1100
1456,1388,1100
1456,1388,1100
1455,1388,1100
1455,1388,1100
1455,1388,1100
1454,1389,1100
1454,1389,1100
1453,1389,1100
1453,1389,1100
1452,1389,1100
1452,1389,1100
1452,1389,1100
1451,1389,1100
1451,1389,1100
1450,1389,1100
1450,1389,1100
1450,1389,1100
1449,1389,1100
1449,1389,1100
1448,1389,1100
1448,1389,1100
1447,1389,1100
1447,1389,1100
1447,1389,1100
1446,1389,1100
1446,1389,1100
1445,1389,1100
1445,1389,1100
1444,1389,1100
1444,1389,1100
1444,1389,1100
1443,1389,1100
1443,1390,1100
1442,1390,1100
1442,1390,1100
1441,1390,1100
1441,1390,1100
1441,1390,1100
1440,1390,1100
1440,1390,1100
1439,1390,1100
1439,1390,1100
1438,1390,1100
1438,1390,1100
1438,1390,1100
1437,1390,1100
1437,1390,1100
1436,1390,1100
1436,1390,1100
1435,1390,1100
1436,1391,1100
1436,1391,1100
1436,1392,1100
1436,1393,1100
1437,1393,1100
1437,1394,1100
1437,1394,1100
1437,1395,1100
1438,1395,1100
1438,1396,1100
1438,1397,1100
1438,1397,1100
1439,1398,1100
1439,1398,1100
1439,1399,1100
1439,1399,1100
1440,1400,1100
1440,1401,1100
1440,1401,1100
1440,1402,1100
1440,1402,1100
1441,1403,1100
1441,1403,1100
1441,1404,1100
1441,1405,1100
1442,1405,1100
1442,1406,1100
1442,1406,1100
1442,1407,1100
1443,1407,1100
1443,1408,1100
1443,1409,1100
1443,1409,1100
1443,1410,1100
1444,1410,1100
1444,1411,1100
1444,1411,1100
1444,1412,1100
1445,1413,1100
1445,1413,1100
1445,1414,1100
1445,1414,1100
1445,1415,1100
1446,1415,1100
1446,1416,1100
1446,1417,1100
1446,1417,1100
1447,1418,1100
1447,1418,1100
1447,1419,1700
1448,1418,1700
1448,1417,1700
1449,1417,1700
1450,1416,1700
1450,1415,1700
1451,1414,1700
1451,1413,1700
1452,1413,1700
1453,1412,1700
1453,1411,1700
1454,1410,1700
1454,1410,1700
1455,1409,1700
1456,1408,1700
1456,1407,1700
1457,1407,1700
1457,1406,1700
1458,1405,1700
1459,1404,1700
1459,1404,1700
1460,1403,1700
1460,1402,1700
1461,1402,1700
1462,1401,1700
1462,1400,1700
1463,1399,1700
1463,1399,1700
1464,1398,1700
1464,1397,1700
1465,1397,1700
1466,1396,1700
1466,1395,1700
1467,1394,1700
1467,1394,1700
1468,1393,1700
1468,1392,1700
1469,1392,1700
1469,1391,1700
1470,1390,1700
1470,1390,1700
1471,1389,1700
1472,1388,1700
1472,1387,1700
1473,1387,1700
1473,1386,1700
1474,1385,1700
1474,1385,1700
1475,1384,1700
1475,1383,1700
1476,1383,1100
1476,1383,1100
1476,1383,1100
1477,1383,1100
1477,1383,1100
1477,1383,1100
1477,1383,1100
1478,1383,1100
1478,1383,1100
1478,1383,1100
1479,1383,1100
1479,1383,1100
1479,1383,1100
1479,1383,1100
1480,1383,1100
1480,1383,1100
1480,1383,1100
1481,1383,1100
1481,1383,1100
1481,1383,1100
1481,1383,1100
1482,1383,1100
1482,1383,1100
1482,1383,1100
1483,1383,1100
1483,1383,1100
1483,1383,1100
1483,1383,1100
1484,1383,1100
1484,1383,1100
1484,1383,1100
1485,1383,1100
1485,1383,1100
1485,1383,1100
1485,1383,1100
1486,1383,1100
1486,1383,1100
1486,1383,1100
1487,1383,1100
1487,1383,1100
1487,1383,1100
1487,1383,1100
1488,1383,1100
1488,1383,1100
1488,1383,1100
1489,1383,1100
1489,1383,1100
1489,1383,1100
1489,1383,1100
1490,1383,1100
1490,1383,1100
1490,1382,1100
1490,1382,1100
1490,1382,1100
1490,1381,1100
1489,1381,1100
1489,1381,1100
1489,1381,1100
1489,1380,1100
1489,1380,1100
1489,1380,1100
1489,1379,1100
1488,1379,1100
1488,1379,1100
1488,1378,1100
1488,1378,1100
1488,1378,1100
1488,1378,1100
1488,1377,1100
1487,1377,1100
1487,1377,1100
1487,1376,1100
1487,1376,1100
1487,1376,1100
1487,1375,1100
1487,1375,1100
1487,1375,1100
1486,1374,1100
1486,1374,1100
1486,1374,1100
1486,1374,1100
1486,1373,1100
1486,1373,1100
1486,1373,1100
1485,1372,1100
1485,1372,1100
1485,1372,1100
1485,1371,1100
1485,1371,1100
1485,1371,1100
1485,1371,1100
1484,1370,1100
1484,1370,1100
1484,1370,1100
1484,1369,1100
1484,1369,1100
1484,1369,1100
1484,1368,1100
1483,1368,1100
1483,1368,1100
1483,1368,1100
1483,1367,1100
1482,1367,1100
1482,1367,1100
1482,1367,1100
1481,1366,1100
1481,1366,1100
1481,1366,1100
1480,1366,1100
1480,1366,1100
1479,1365,1100
1479,1365,1100
1479,1365,1100
1478,1365,1100
1478,1365,1100
1478,1364,1100
1477,1364,1100
1477,1364,1100
1476,1364,1100
1476,1364,1100
1476,1363,1100
1475,1363,1100
1475,1363,1100
1475,1363,1100
1474,1363,1100
1474,1362,1100
1473,1362,1100
1473,1362,1100
1473,1362,1100
1472,1362,1100
1472,1361,1100
1472,1361,1100
1471,1361,1100
1471,1361,1100
1470,1361,1100
1470,1360,1100
1470,1360,1100
1469,1360,1100
1469,1360,1100
1469,1360,1100
1468,1359,1100
1468,1359,1100
1467,1359,1100
1467,1359,1100
1467,1359,1100
1466,1358,1100
1466,1358,1100
1466,1358,1100
1465,1358,1100
1465,1358,1100
1464,1357,1100
1464,1358,1100
1464,1358,1100
1464,1358,1100
1464,1358,1100
1464,1358,1100
1464,1358,1100
1464,1358,1100
1463,1359,1100
1463,1359,1100
1463,1359,1100
1463,1359,1100
1463,1359,1100
1463,1359,1100
1463,1360,1100
1463,1360,1100
1462,1360,1100
1462,1360,1100
1462,1360,1100
1462,1360,1100
1462,1360,1100
1462,1361,1100
1462,1361,1100
1461,1361,1100
1461,1361,1100
1461,1361,1100
1461,1361,1100
1461,1362,1100
1461,1362,1100
1461,1362,1100
1461,1362,1100
1460,1362,1100
1460,1362,1100
1460,1362,1100
1460,1363,1100
1460,1363,1100
1460,1363,1100
1460,1363,1100
1459,1363,1100
1459,1363,1100
1459,1364,1100
1459,1364,1100
1459,1364,1100
1459,1364,1100
1459,1364,1100
1459,1364,1100
1458,1364,1100
1458,1365,1100
1458,1365,1100
1458,1365,1100
1458,1365,1100
1458,1365,1100
1458,1366,1100
1459,1366,1100
1459,1366,1100
1459,1367,1100
1459,1367,1100
1460,1367,1100
1460,1368,1100
1460,1368,1100
1460,1368,1100
1461,1369,1100
1461,1369,1100
1461,1369,1100
1461,1369,1100
1462,1370,1100
1462,1370,1100
1462,1370,1100
1462,1371,1100
1463,1371,1100
1463,1371,1100
1463,1372,1100
1464,1372,1100
1464,1372,1100
1464,1373,1100
1464,1373,1100
1465,1373,1100
1465,1374,1100
1465,1374,1100
1465,1374,1100
1466,1374,1100
1466,1375,1100
1466,1375,1100
1466,1375,1100
1467,1376,1100
1467,1376,1100
1467,1376,1100
1467,1377,1100
1468,1377,1100
1468,1377,1100
1468,1378,1100
1468,1378,1100
1469,1378,1100
1469,1379,1100
1469,1379,1100
1469,1379,1100
1470,1379,1100
1470,1380,1100
1470,1380,1100
1470,1380,1100
1471,1381,1700
1467,1379,1700
1464,1377,1700
1460,1375,1700
1457,1373,1700
1453,1372,1700
1450,1370,1700
1447,1368,1700
1443,1366,1700
1440,1365,1700
1436,1363,1700
1433,1361,1700
1430,1360,1700
1426,1358,1700
1423,1356,1700
1419,1355,1700
1416,1353,1700
1413,1352,1700
1409,1350,1700
1406,1349,1700
1403,1347,1700
1399,1346,1700
1396,1344,1700
1393,1343,1700
1389,1341,1700
1386,1340,1700
1383,1339,1700
1379,1337,1700
1376,1336,1700
1373,1335,1700
1369,1333,1700
1366,1332,1700
1363,1331,1700
1359,1330,1700
1356,1328,1700
1353,1327,1700
1349,1326,1700
1346,1325,1700
1343,1324,1700
1339,1323,1700
1336,1321,1700
1333,1320,1700
1329,1319,1700
1326,1318,1700
1323,1317,1700
1319,1316,1700
1316,1315,1700
1313,1314,1700
1309,1313,1700
1306,1312,1700
1303,1312,1100
1302,1312,1100
1301,1312,1100
1300,1312,1100
1300,1312,1100
1299,1312,1100
1298,1313,1100
1297,1313,1100
1296,1313,1100
1295,1313,1100
1295,1313,1100
1294,1314,1100
1293,1314,1100
1292,1314,1100
1291,1314,1100
1290,1314,1100
1290,1315,1100
1289,1315,1100
1288,1315,1100
1287,1315,1100
1286,1315,1100
1285,1316,1100
1285,1316,1100
1284,1316,1100
1283,1316,1100
1282,1317,1100
1281,1317,1100
1280,1317,1100
1280,1317,1100
1279,1318,1100
1278,1318,1100
1277,1318,1100
1276,1318,1100
1275,1318,1100
1274,1319,1100
1274,1319,1100
1273,1319,1100
1272,1319,1100
1271,1320,1100
1270,1320,1100
1269,1320,1100
1269,1320,1100
1268,1321,1100
1267,1321,1100
1266,1321,1100
1265,1321,1100
1264,1322,1100
1263,1322,1100
1263,1322,1100
1262,1322,1100
1261,1323,1100
1261,1323,1100
1260,1323,1100
1260,1324,1100
1260,1324,1100
1260,1325,1100
1259,1325,1100
1259,1325,1100
1259,1326,1100
1259,1326,1100
1258,1326,1100
1258,1327,1100
1258,1327,1100
1258,1327,1100
1257,1328,1100
1257,1328,1100
1257,1329,1100
1257,1329,1100
1257,1329,1100
1256,1330,1100
1256,1330,1100
1256,1330,1100
1256,1331,1100
1255,1331,1100
1255,1332,1100
1255,1332,1100
1255,1332,1100
1254,1333,1100
1254,1333,1100
1254,1333,1100
1254,1334,1100
1253,1334,1100
1253,1335,1100
1253,1335,1100
1253,1335,1100
1252,1336,1100
1252,1336,1100
1252,1336,1100
1252,1337,1100
1251,1337,1100
1251,1338,1100
1251,1338,1100
1251,1338,1100
1250,1339,1100
1250,1339,1100
1250,1339,1100
1250,1340,1100
1249,1340,1100
1249,1341,1100
1249,1341,1100
1249,1341,1700
1249,1341,1700
1249,1340,1700
1249,1340,1700
1249,1339,1700
1250,1338,1700
1250,1338,1700
1250,1337,1700
1250,1337,1700
1250,1336,1700
1251,1335,1700
1251,1335,1700
1251,1334,1700
1251,1334,1700
1251,1333,1700
1251,1333,1700
1252,1332,1700
1252,1331,1700
1252,1331,1700
1252,1330,1700
1252,1330,1700
1253,1329,1700
1253,1328,1700
1253,1328,1700
1253,1327,1700
1253,1327,1700
1253,1326,1700
1254,1326,1700
1254,1325,1700
1254,1324,1700
1254,1324,1700
1254,1323,1700
1254,1323,1700
1255,1322,1700
1255,1322,1700
1255,1321,1700
1255,1320,1700
1255,1320,1700
1255,1319,1700
1256,1319,1700
1256,1318,1700
1256,1317,1700
1256,1317,1700
1256,1316,1700
1256,1316,1700
1257,1315,1700
1257,1315,1700
1257,1314,1700
1257,1313,1700
1257,1313,1700
1257,1312,1100
1257,1312,1100
1256,1311,1100
1256,1311,1100
1255,1310,1100
1254,1310,1100
1254,1310,1100
1253,1309,1100
1253,1309,1100
1252,1308,1100
1251,1308,1100
1251,1307,1100
1250,1307,1100
1250,1306,1100
1249,1306,1100
1248,1305,1100
1248,1305,1100
1247,1304,1100
1247,1304,1100
1246,1304,1100
1245,1303,1100
1245,1303,1100
1244,1302,1100
1244,1302,1100
1243,1301,1100
1242,1301,1100
1242,1300,1100
1241,1300,1100
1240,1299,1100
1240,1299,1100
1239,1299,1100
1239,1298,1100
1238,1298,1100
1237,1297,1100
1237,1297,1100
1236,1296,1100
1236,1296,1100
1235,1295,1100
1234,1295,1100
1234,1295,1100
1233,1294,1100
1233,1294,1100
1232,1293,1100
1231,1293,1100
1231,1292,1100
1230,1292,1100
1230,1291,1100
1229,1291,1100
1228,1290,1100
1228,1290,1100
1227,1290,1700
1234,1294,1700
1241,1298,1700
1247,1303,1700
1254,1307,1700
1261,1312,1700
1267,1317,1700
1274,1321,1700
1280,1326,1700
1287,1331,1700
1294,1336,1700
1300,1341,1700
1307,1346,1700
1313,1351,1700
1320,1356,1700
1326,1361,1700
1333,1366,1700
1339,1371,1700
1346,1376,1700
1352,1381,1700
1359,1387,1700
1365,1392,1700
1371,1397,1700
1378,1403,1700
1384,1408,1700
1390,1414,1700
1397,1419,1700
1403,1425,1700
1409,1430,1700
1416,1436,1700
1422,1442,1700
1428,1447,1700
1434,1453,1700
1441,1459,1700
1447,1465,1700
1453,1470,1700
1459,1476,1700
1465,1482,1700
1471,1488,1700
1477,1494,1700
1483,1500,1700
1489,1506,1700
1495,1512,1700
1501,1518,1700
1507,1524,1700
1513,1530,1700
1519,1536,1700
1525,1542,1700
1531,1548,1700
1537,1554,1700
1542,1560,1100
1542,1561,1100
1542,1562,1100
1542,1563,1100
1542,1564,1100
1542,1564,1100
1542,1565,1100
1542,1566,1100
1542,1567,1100
1542,1568,1100
1542,1569,1100
1542,1569,1100
1542,1570,1100
1542,1571,1100
1542,1572,1100
1542,1573,1100
1542,1573,1100
1542,1574,1100
1542,1575,1100
1542,1576,1100
1542,1577,1100
1542,1578,1100
1542,1578,1100
1542,1579,1100
1542,1580,1100
1542,1581,1100
1542,1582,1100
1542,1582,1100
1542,1583,1100
1542,1584,1100
1542,1585,1100
1542,1586,1100
1542,1587,1100
1542,1587,1100
1542,1588,1100
1542,1589,1100
1542,1590,1100
1542,1591,1100
1542,1592,1100
1542,1592,1100
1542,1593,1100
1542,1594,1100
1542,1595,1100
1542,1596,1100
1542,1597,1100
1542,1597,1100
1542,1598,1100
1542,1599,1100
1542,1600,1100
1542,1601,1100
1541,1602,1100
1541,1602,1100
1541,1602,1100
1540,1602,1100
1540,1602,1100
1539,1602,1100
1539,1603,1100
1539,1603,1100
1538,1603,1100
1538,1603,1100
1537,1603,1100
1537,1604,1100
1537,1604,1100
1536,1604,1100
1536,1604,1100
1535,1604,1100
1535,1604,1100
1534,1605,1100
1534,1605,1100
1534,1605,1100
1533,1605,1100
1533,1605,1100
1532,1605,1100
1532,1606,1100
1531,1606,1100
1531,1606,1100
1531,1606,1100
1530,1606,1100
1530,1607,1100
1529,1607,1100
1529,1607,1100
1529,1607,1100
1528,1607,1100
1528,1608,1100
1527,1608,1100
1527,1608,1100
1526,1608,1100
1526,1608,1100
1526,1608,1100
1525,1609,1100
1525,1609,1100
1524,1609,1100
1524,1609,1100
1524,1609,1100
1523,1610,1100
1523,1610,1100
1522,1610,1100
1522,1610,1100
1521,1610,1100
1521,1611,1100
1521,1611,1700
1521,1610,1700
1521,1610,1700
1522,1610,1700
1522,1609,1700
1523,1609,1700
1523,1609,1700
1524,1608,1700
1524,1608,1700
1525,1608,1700
1525,1607,1700
1526,1607,1700
1526,1607,1700
1527,1606,1700
1527,1606,1700
1528,1606,1700
1528,1606,1700
1529,1605,1700
1529,1605,1700
1530,1605,1700
1530,1604,1700
1531,1604,1700
1531,1604,1700
1531,1603,1700
1532,1603,1700
1532,1603,1700
1533,1602,1700
1533,1602,1700
1534,1602,1700
1534,1601,1700
1535,1601,1700
1535,1601,1700
1536,1600,1700
1536,1600,1700
1537,1600,1700
1537,1599,1700
1538,1599,1700
1538,1599,1700
1538,1599,1700
1539,1598,1700
1539,1598,1700
1540,1598,1700
1540,1597,1700
1541,1597,1700
1541,1597,1700
1542,1596,1700
1542,1596,1700
1543,1596,1700
1543,1595,1700
1544,1595,1700
1544,1595,1100
1544,1595,1100
1545,1596,1100
1545,1596,1100
1546,1597,1100
1546,1597,1100
1547,1597,1100
1547,1598,1100
1547,1598,1100
1548,1599,1100
1548,1599,1100
1549,1600,1100
1549,1600,1100
1549,1601,1100
1550,1601,1100
1550,1601,1100
1551,1602,1100
1551,1602,1100
1552,1603,1100
1552,1603,1100
1552,1604,1100
1553,1604,1100
1553,1604,1100
1554,1605,1100
1554,1605,1100
1554,1606,1100
1555,1606,1100
1555,1607,1100
1556,1607,1100
1556,1607,1100
1557,1608,1100
1557,1608,1100
1557,1609,1100
1558,1609,1100
1558,1610,1100
1559,1610,1100
1559,1610,1100
1559,1611,1100
1560,1611,1100
1560,1612,1100
1561,1612,1100
1561,1613,1100
1562,1613,1100
1562,1614,1100
1562,1614,1100
1563,1614,1100
1563,1615,1100
1564,1615,1100
1564,1616,1100
1564,1616,1100
1565,1617,1700
1562,1614,1700
1560,1611,1700
1557,1608,1700
1555,1606,1700
1552,1603,1700
1550,1600,1700
1547,1598,1700
1545,1595,1700
1542,1592,1700
1540,1590,1700
1537,1587,1700
1535,1584,1700
1532,1582,1700
1530,1579,1700
1527,1576,1700
1524,1574,1700
1522,1571,1700
1519,1568,1700
1517,1566,1700
1514,1563,1700
1511,1560,1700
1509,1558,1700
1506,1555,1700
1504,1553,1700
1501,1550,1700
1498,1547,1700
1496,1545,1700
1493,1542,1700
1490,1540,1700
1488,1537,1700
1485,1535,1700
1482,1532,1700
1480,1529,1700
1477,1527,1700
1474,1524,1700
1472,1522,1700
1469,1519,1700
1466,1517,1700
1464,1514,1700
1461,1512,1700
1458,1509,1700
1455,1507,1700
1453,1504,1700
1450,1502,1700
1447,1499,1700
1444,1497,1700
1442,1494,1700
1439,1492,1700
1436,1489,1700
1433,1487,1100
1434,1487,1100
1434,1486,1100
1434,1486,1100
1434,1485,1100
1434,1485,1100
1434,1484,1100
1434,1484,1100
1434,1483,1100
1434,1483,1100
1434,1482,1100
1434,1482,1100
1434,1481,1100
1434,1481,1100
1434,1480,1100
1434,1480,1100
1434,1479,1100
1434,1479,1100
1434,1478,1100
1434,1478,1100
1434,1477,1100
1434,1477,1100
1434,1476,1100
1434,1476,1100
1434,1475,1100
1434,1475,1100
1434,1474,1100
1434,1474,1100
1434,1473,1100
1434,1473,1100
1434,1472,1100
1434,1472,1100
1434,1471,1100
1434,1471,1100
1434,1470,1100
1434,1470,1100
1434,1469,1100
1434,1469,1100
1434,1468,1100
1434,1468,1100
1434,1468,1100
1434,1467,1100
1434,1467,1100
1434,1466,1100
1434,1466,1100
1434,1465,1100
1434,1465,1100
1434,1464,1100
1434,1464,1100
1434,1463,1100
1434,1463,1100
1433,1462,1100
1433,1461,1100
1432,1461,1100
1431,1460,1100
1431,1459,1100
1430,1459,1100
1429,1458,1100
1428,1458,1100
1428,1457,1100
1427,1456,1100
1426,1456,1100
1426,1455,1100
1425,1454,1100
1424,1454,1100
1423,1453,1100
1423,1452,1100
1422,1452,1100
1421,1451,1100
1421,1451,1100
1420,1450,1100
1419,1449,1100
1418,1449,1100
1418,1448,1100
1417,1447,1100
1416,1447,1100
1416,1446,1100
1415,1445,1100
1414,1445,1100
1413,1444,1100
1413,1444,1100
1412,1443,1100
1411,1442,1100
1411,1442,1100
1410,1441,1100
1409,1440,1100
1408,1440,1100
1408,1439,1100
1407,1439,1100
1406,1438,1100
1406,1437,1100
1405,1437,1100
1404,1436,1100
1403,1435,1100
1403,1435,1100
1402,1434,1100
1401,1434,1100
1400,1433,1100
1400,1432,1100
1399,1432,1100
1398,1431,1100
1398,1431,1100
1397,1430,1100
1396,1430,1100
1395,1430,1100
1395,1429,1100
1394,1429,1100
1393,1428,1100
1393,1428,1100
1392,1428,1100
1391,1427,1100
1390,1427,1100
1390,1427,1100
1389,1426,1100
1388,1426,1100
1388,1425,1100
1387,1425,1100
1386,1425,1100
1385,1424,1100
1385,1424,1100
1384,1424,1100
1383,1423,1100
1383,1423,1100
1382,1423,1100
1381,1422,1100
1380,1422,1100
1380,1421,1100
1379,1421,1100
1378,1421,1100
1377,1420,1100
1377,1420,1100
1376,1420,1100
1375,1419,1100
1375,1419,1100
1374,1419,1100
1373,1418,1100
1372,1418,1100
1372,1418,1100
1371,1417,1100
1370,1417,1100
1370,1417,1100
1369,1416,1100
1368,1416,1100
1367,1416,1100
1367,1415,1100
1366,1415,1100
1365,1414,1100
1365,1414,1100
1364,1414,1100
1363,1413,1100
1362,1413,1700
1362,1414,1700
1361,1414,1700
1361,1415,1700
1360,1416,1700
1360,1416,1700
1359,1417,1700
1359,1418,1700
1358,1418,1700
1357,1419,1700
1357,1419,1700
1356,1420,1700
1356,1421,1700
1355,1421,1700
1355,1422,1700
1354,1423,1700
1354,1423,1700
1353,1424,1700
1352,1425,1700
1352,1425,1700
1351,1426,1700
1351,1427,1700
1350,1427,1700
1350,1428,1700
1349,1429,1700
1348,1429,1700
1348,1430,1700
1347,1431,1700
1347,1431,1700
1346,1432,1700
1346,1433,1700
1345,1433,1700
1344,1434,1700
1344,1435,1700
1343,1435,1700
1343,1436,1700
1342,1437,1700
1341,1437,1700
1341,1438,1700
1340,1439,1700
1340,1439,1700
1339,1440,1700
1338,1441,1700
1338,1441,1700
1337,1442,1700
1337,1443,1700
1336,1444,1700
1335,1444,1700
1335,1445,1700
1334,1446,1700
1334,1446,1100
1334,1447,1100
1335,1447,1100
1335,1448,1100
1336,1448,1100
1336,1449,1100
1337,1449,1100
1337,1450,1100
1338,1450,1100
1338,1451,1100
1339,1451,1100
1339,1452,1100
1340,1452,1100
1341,1453,1100
1341,1453,1100
1342,1454,1100
1342,1454,1100
1343,1455,1100
1343,1455,1100
1344,1456,1100
1344,1456,1100
1345,1457,1100
1345,1457,1100
1346,1458,1100
1347,1458,1100
1347,1459,1100
1348,1459,1100
1348,1460,1100
1349,1460,1100
1349,1461,1100
1350,1461,1100
1350,1462,1100
1351,1462,1100
1351,1463,1100
1352,1463,1100
1352,1464,1100
1353,1464,1100
1353,1465,1100
1354,1465,1100
1355,1466,1100
1355,1466,1100
1356,1467,1100
1356,1467,1100
1357,1468,1100
1357,1468,1100
1358,1469,1100
1358,1469,1100
1359,1470,1100
1359,1470,1100
1360,1471,1100
1360,1471,1100
1361,1471,1100
1361,1470,1100
1361,1469,1100
1361,1469,1100
1361,1468,1100
1361,1468,1100
1362,1467,1100
1362,1466,1100
1362,1466,1100
1362,1465,1100
1362,1464,1100
1362,1464,1100
1363,1463,1100
1363,1462,1100
1363,1462,1100
1363,1461,1100
1363,1460,1100
1363,1460,1100
1364,1459,1100
1364,1458,1100
1364,1458,1100
1364,1457,1100
1364,1456,1100
1364,1456,1100
1364,1455,1100
1365,1454,1100
1365,1454,1100
1365,1453,1100
1365,1452,1100
1365,1452,1100
1365,1451,1100
1365,1451,1100
1366,1450,1100
1366,1449,1100
1366,1449,1100
1366,1448,1100
1366,1447,1100
1366,1447,1100
1366,1446,1100
1367,1445,1100
1367,1445,1100
1367,1444,1100
1367,1443,1100
1367,1443,1100
1367,1442,1100
1367,1441,1100
1368,1441,1100
1368,1440,1100
1368,1440,1100
1368,1439,1100
1368,1439,1100
1367,1438,1100
1367,1438,1100
1367,1438,1100
1366,1438,1100
1366,1437,1100
1365,1437,1100
1365,1437,1100
1365,1437,1100
1364,1436,1100
1364,1436,1100
1364,1436,1100
1363,1436,1100
1363,1436,1100
1363,1435,1100
1362,1435,1100
1362,1435,1100
1362,1435,1100
1361,1434,1100
1361,1434,1100
1361,1434,1100
1360,1434,1100
1360,1433,1100
1360,1433,1100
1359,1433,1100
1359,1433,1100
1359,1432,1100
1358,1432,1100
1358,1432,1100
1357,1432,1100
1357,1431,1100
1357,1431,1100
1356,1431,1100
1356,1431,1100
1356,1430,1100
1355,1430,1100
1355,1430,1100
1355,1430,1100
1354,1430,1100
1354,1429,1100
1354,1429,1100
1353,1429,1100
1353,1429,1100
1353,1428,1100
1352,1428,1100
1352,1428,1100
1352,1428,1100
1351,1427,1100
1351,1427,1100
1351,1427,1100
1350,1427,1100
1350,1428,1100
1350,1428,1100
1349,1428,1100
1349,1429,1100
1349,1429,1100
1349,1429,1100
1348,1430,1100
1348,1430,1100
1348,1430,1100
1347,1431,1100
1347,1431,1100
1347,1431,1100
1346,1432,1100
1346,1432,1100
1346,1432,1100
1346,1433,1100
1345,1433,1100
1345,1433,1100
1345,1434,1100
1344,1434,1100
1344,1434,1100
1344,1435,1100
1344,1435,1100
1343,1435,1100
1343,1436,1100
1343,1436,1100
1342,1436,1100
1342,1437,1100
1342,1437,1100
1341,1437,1100
1341,1438,1100
1341,1438,1100
1341,1438,1100
1340,1439,1100
1340,1439,1100
1340,1439,1100
1339,1440,1100
1339,1440,1100
1339,1440,1100
1338,1441,1100
1338,1441,1100
1338,1441,1100
1338,1442,1100
1337,1442,1100
1337,1442,1100
1337,1443,1100
1336,1443,1100
1336,1443,1100
1336,1444,1700
1337,1445,1700
1338,1447,1700
1340,1448,1700
1341,1449,1700
1342,1451,1700
1344,1452,1700
1345,1453,1700
1346,1455,1700
1347,1456,1700
1349,1458,1700
1350,1459,1700
1351,1460,1700
1353,1462,1700
1354,1463,1700
1355,1465,1700
1356,1466,1700
1358,1467,1700
1359,1469,1700
1360,1470,1700
1361,1472,1700
1363,1473,1700
1364,1474,1700
1365,1476,1700
1366,1477,1700
1368,1479,1700
1369,1480,1700
1370,1481,1700
1371,1483,1700
1373,1484,1700
1374,1486,1700
1375,1487,1700
1376,1489,1700
1378,1490,1700
1379,1491,1700
1380,1493,1700
1381,1494,1700
1383,1496,1700
1384,1497,1700
1385,1499,1700
1386,1500,1700
1388,1501,1700
1389,1503,1700
1390,1504,1700
1391,1506,1700
1392,1507,1700
1394,1509,1700
1395,1510,1700
1396,1511,1700
1397,1513,1700
1398,1514,1100
1399,1514,1100
1399,1515,1100
1399,1515,1100
1400,1515,1100
1400,1515,1100
1400,1515,1100
1401,1515,1100
1401,1515,1100
1401,1516,1100
1402,1516,1100
1402,1516,1100
1402,1516,1100
1403,1516,1100
1403,1516,1100
1403,1517,1100
1404,1517,1100
1404,1517,1100
1404,1517,1100
1405,1517,1100
1405,1517,1100
1405,1517,1100
1406,1518,1100
1406,1518,1100
1406,1518,1100
1406,1518,1100
1407,1518,1100
1407,1518,1100
1407,1518,1100
1408,1519,1100
1408,1519,1100
1408,1519,1100
1409,1519,1100
1409,1519,1100
1409,1519,1100
1410,1519,1100
1410,1520,1100
1410,1520,1100
1411,1520,1100
1411,1520,1100
1411,1520,1100
1412,1520,1100
1412,1520,1100
1412,1521,1100
1413,1521,1100
1413,1521,1100
1413,1521,1100
1414,1521,1100
1414,1521,1100
1414,1522,1100
1415,1522,1100
1415,1521,1100
1415,1521,1100
1415,1521,1100
1416,1521,1100
1416,1520,1100
1416,1520,1100
1417,1520,1100
1417,1520,1100
1417,1519,1100
1417,1519,1100
1418,1519,1100
1418,1518,1100
1418,1518,1100
1419,1518,1100
1419,1518,1100
1419,1517,1100
1419,1517,1100
1420,1517,1100
1420,1517,1100
1420,1516,1100
1421,1516,1100
1421,1516,1100
1421,1516,1100
1421,1515,1100
1422,1515,1100
1422,1515,1100
1422,1515,1100
1423,1514,1100
1423,1514,1100
1423,1514,1100
1423,1513,1100
1424,1513,1100
1424,1513,1100
1424,1513,1100
1425,1512,1100
1425,1512,1100
1425,1512,1100
1425,1512,1100
1426,1511,1100
1426,1511,1100
1426,1511,1100
1426,1511,1100
1427,1510,1100
1427,1510,1100
1427,1510,1100
1428,1510,1100
1428,1509,1100
1428,1509,1100
1428,1509,1100
1429,1509,1100
1428,1508,1100
1428,1508,1100
1428,1508,1100
1428,1508,1100
1428,1507,1100
1427,1507,1100
1427,1507,1100
1427,1507,1100
1427,1506,1100
1426,1506,1100
1426,1506,1100
1426,1506,1100
1426,1505,1100
1426,1505,1100
1425,1505,1100
1425,1505,1100
1425,1504,1100
1425,1504,1100
1424,1504,1100
1424,1504,1100
1424,1503,1100
1424,1503,1100
1423,1503,1100
1423,1503,1100
1423,1503,1100
1423,1502,1100
1423,1502,1100
1422,1502,1100
1422,1502,1100
1422,1501,1100
1422,1501,1100
1421,1501,1100
1421,1501,1100
1421,1500,1100
1421,1500,1100
1420,1500,1100
1420,1500,1100
1420,1499,1100
1420,1499,1100
1420,1499,1100
1419,1499,1100
1419,1498,1100
1419,1498,1100
1419,1498,1100
1418,1498,1100
1418,1497,1100
1418,1497,1100
1418,1497,1100
1417,1497,1100
1417,1496,1100
1417,1496,1100
1416,1496,1100
1416,1496,1100
1415,1495,1100
1415,1495,1100
1415,1495,1100
1414,1495,1100
1414,1494,1100
1413,1494,1100
1413,1494,1100
1412,1493,1100
1412,1493,1100
1411,1493,1100
1411,1493,1100
1411,1492,1100
1410,1492,1100
1410,1492,1100
1409,1492,1100
1409,1491,1100
1408,1491,1100
1408,1491,1100
1408,1490,1100
1407,1490,1100
1407,1490,1100
1406,1490,1100
1406,1489,1100
1405,1489,1100
1405,1489,1100
1404,1489,1100
1404,1488,1100
1404,1488,1100
1403,1488,1100
1403,1488,1100
1402,1487,1100
1402,1487,1100
1401,1487,1100
1401,1486,1100
1400,1486,1100
1400,1486,1100
1400,1486,1100
1399,1485,1100
1399,1485,1100
1398,1485,1100
1398,1485,1100
1397,1484,1100
1397,1484,1100
1397,1484,1100
1396,1484,1100
1396,1483,1100
1395,1483,1100
1395,1483,1100
1395,1484,1100
1396,1484,1100
1396,1485,1100
1396,1485,1100
1396,1486,1100
1396,1486,1100
1396,1487,1100
1396,1487,1100
1396,1488,1100
1396,1488,1100
1397,1489,1100
1397,1489,1100
1397,1490,1100
1397,1490,1100
1397,1491,1100
1397,1491,1100
1397,1492,1100
1397,1492,1100
1397,1492,1100
1397,1493,1100
1398,1493,1100
1398,1494,1100
1398,1494,1100
1398,1495,1100
1398,1495,1100
1398,1496,1100
1398,1496,1100
1398,1497,1100
1398,1497,1100
1399,1498,1100
1399,1498,1100
1399,1499,1100
1399,1499,1100
1399,1500,1100
1399,1500,1100
1399,1501,1100
1399,1501,1100
1399,1502,1100
1399,1502,1100
1400,1502,1100
1400,1503,1100
1400,1503,1100
1400,1504,1100
1400,1504,1100
1400,1505,1100
1400,1505,1100
1400,1506,1100
1400,1506,1100
1400,1507,1700
1397,1504,1700
1393,1500,1700
1389,1497,1700
1385,1494,1700
1382,1491,1700
1378,1488,1700
1374,1485,1700
1370,1481,1700
1366,1478,1700
1362,1475,1700
1359,1472,1700
1355,1469,1700
1351,1466,1700
1347,1463,1700
1343,1460,1700
1339,1457,1700
1335,1454,1700
1331,1451,1700
1327,1448,1700
1324,1445,1700
1320,1442,1700
1316,1440,1700
1312,1437,1700
1308,1434,1700
1304,1431,1700
1300,1428,1700
1296,1425,1700
1292,1423,1700
1288,1420,1700
1284,1417,1700
1280,1414,1700
1276,1412,1700
1272,1409,1700
1267,1406,1700
1263,1404,1700
1259,1401,1700
1255,1399,1700
1251,1396,1700
1247,1393,1700
1243,1391,1700
1239,1388,1700
1235,1386,1700
1230,1383,1700
1226,1381,1700
1222,1378,1700
1218,1376,1700
1214,1374,1700
1209,1371,1700
1205,1369,1700
1201,1367,1100
1201,1366,1100
1202,1366,1100
1202,1365,1100
1203,1364,1100
1203,1364,1100
1203,1363,1100
1204,1363,1100
1204,1362,1100
1204,1362,1100
1205,1361,1100
1205,1361,1100
1206,1360,1100
1206,1360,1100
1206,1359,1100
1207,1359,1100
1207,1358,1100
1208,1358,1100
1208,1357,1100
1208,1357,1100
1209,1356,1100
1209,1355,1100
1209,1355,1100
1210,1354,1100
1210,1354,1100
1211,1353,1100
1211,1353,1100
1211,1352,1100
1212,1352,1100
1212,1351,1100
1212,1351,1100
1213,1350,1100
1213,1350,1100
1213,1349,1100
1214,1349,1100
1214,1348,1100
1215,1348,1100
1215,1347,1100
1215,1347,1100
1216,1346,1100
1216,1346,1100
1216,1345,1100
1217,1345,1100
1217,1344,1100
1217,1344,1100
1218,1343,1100
1218,1343,1100
1218,1342,1100
1219,1342,1100
1219,1341,1100
1219,1341,1100
1219,1341,1100
1218,1341,1100
1217,1341,1100
1217,1341,1100
1216,1341,1100
1215,1341,1100
1214,1341,1100
1214,1341,1100
1213,1341,1100
1212,1341,1100
1211,1341,1100
1211,1341,1100
1210,1341,1100
1209,1342,1100
1208,1342,1100
1208,1342,1100
1207,1342,1100
1206,1342,1100
1205,1342,1100
1205,1342,1100
1204,1342,1100
1203,1342,1100
1202,1342,1100
1202,1342,1100
1201,1342,1100
1200,1343,1100
1199,1343,1100
1199,1343,1100
1198,1343,1100
1197,1343,1100
1196,1343,1100
1196,1343,1100
1195,1343,1100
1194,1343,1100
1193,1343,1100
1193,1343,1100
1192,1344,1100
1191,1344,1100
1190,1344,1100
1190,1344,1100
1189,1344,1100
1188,1344,1100
1187,1344,1100
1187,1344,1100
1186,1344,1100
1185,1344,1100
1184,1345,1100
1184,1345,1100
1183,1345,1100
1182,1345,1100
1182,1345,1100
1182,1345,1100
1181,1346,1100
1181,1346,1100
1181,1346,1100
1180,1346,1100
1180,1347,1100
1180,1347,1100
1180,1347,1100
1179,1347,1100
1179,1348,1100
1179,1348,1100
1178,1348,1100
1178,1349,1100
1178,1349,1100
1178,1349,1100
1177,1349,1100
1177,1350,1100
1177,1350,1100
1176,1350,1100
1176,1350,1100
1176,1351,1100
1176,1351,1100
1175,1351,1100
1175,1351,1100
1175,1352,1100
1174,1352,1100
1174,1352,1100
1174,1352,1100
1174,1353,1100
1173,1353,1100
1173,1353,1100
1173,1354,1100
1172,1354,1100
1172,1354,1100
1172,1354,1100
1172,1355,1100
1171,1355,1100
1171,1355,1100
1171,1355,1100
1170,1356,1100
1170,1356,1100
1170,1356,1100
1169,1356,1100
1169,1357,1100
1169,1357,1100
1169,1357,1100
1168,1357,1100
1168,1358,1100
1168,1358,1100
1168,1358,1100
1169,1359,1100
1169,1359,1100
1170,1359,1100
1170,1360,1100
1171,1360,1100
1171,1360,1100
1171,1360,1100
1172,1361,1100
1172,1361,1100
1173,1361,1100
1173,1362,1100
1174,1362,1100
1174,1362,1100
1175,1363,1100
1175,1363,1100
1176,1363,1100
1176,1363,1100
1177,1364,1100
1177,1364,1100
1178,1364,1100
1178,1365,1100
1178,1365,1100
1179,1365,1100
1179,1366,1100
1180,1366,1100
1180,1366,1100
1181,1367,1100
1181,1367,1100
1182,1367,1100
1182,1367,1100
1183,1368,1100
1183,1368,1100
1184,1368,1100
1184,1369,1100
1185,1369,1100
1185,1369,1100
1185,1370,1100
1186,1370,1100
1186,1370,1100
1187,1371,1100
1187,1371,1100
1188,1371,1100
1188,1371,1100
1189,1372,1100
1189,1372,1100
1190,1372,1100
1190,1373,1100
1191,1373,1100
1191,1373,1700
1189,1375,1700
1188,1377,1700
1186,1379,1700
1184,1381,1700
1183,1383,1700
1181,1385,1700
1179,1387,1700
1178,1388,1700
1176,1390,1700
1174,1392,1700
1173,1394,1700
1171,1396,1700
1169,1398,1700
1167,1400,1700
1165,1402,1700
1164,1404,1700
1162,1406,1700
1160,1408,1700
1158,1410,1700
1156,1412,1700
1154,1414,1700
1152,1416,1700
1150,1418,1700
1148,1420,1700
1146,1423,1700
1144,1425,1700
1142,1427,1700
1140,1429,1700
1138,1431,1700
1136,1433,1700
1134,1435,1700
1131,1438,1700
1129,1440,1700
1127,1442,1700
1125,1444,1700
1122,1446,1700
1120,1449,1700
1118,1451,1700
1115,1453,1700
1113,1456,1700
1111,1458,1700
1108,1460,1700
1106,1463,1700
1103,1465,1700
1100,1467,1700
1098,1470,1700
1095,1472,1700
1092,1475,1700
1090,1477,1700
1087,1480,1100
1088,1479,1100
1089,1479,1100
1090,1478,1100
1091,1478,1100
1092,1477,1100
1093,1477,1100
1094,1476,1100
1095,1476,1100
1096,1476,1100
1097,1475,1100
1098,1475,1100
1099,1474,1100
1100,1474,1100
1101,1473,1100
1102,1473,1100
1103,1473,1100
1104,1472,1100
1105,1472,1100
1106,1471,1100
1107,1471,1100
1108,1470,1100
1109,1470,1100
1110,1470,1100
1111,1469,1100
1112,1469,1100
1113,1468,1100
1113,1468,1100
1114,1468,1100
1115,1467,1100
1116,1467,1100
1117,1466,1100
1118,1466,1100
1119,1466,1100
1120,1465,1100
1121,1465,1100
1122,1464,1100
1123,1464,1100
1124,1464,1100
1125,1463,1100
1125,1463,1100
1126,1462,1100
1127,1462,1100
1128,1462,1100
1129,1461,1100
1130,1461,1100
1131,1460,1100
1132,1460,1100
1133,1460,1100
1133,1459,1100
1134,1459,1100
1133,1459,1100
1132,1459,1100
1131,1460,1100
1131,1460,1100
1130,1460,1100
1129,1460,1100
1128,1461,1100
1127,1461,1100
1126,1461,1100
1125,1461,1100
1124,1461,1100
1123,1462,1100
1122,1462,1100
1121,1462,1100
1120,1462,1100
1119,1463,1100
1118,1463,1100
1117,1463,1100
1116,1463,1100
1115,1464,1100
1114,1464,1100
1113,1464,1100
1112,1464,1100
1111,1465,1100
1110,1465,1100
1109,1465,1100
1108,1465,1100
1107,1466,1100
1106,1466,1100
1105,1466,1100
1104,1466,1100
1103,1467,1100
1102,1467,1100
1101,1467,1100
1100,1468,1100
1099,1468,1100
1098,1468,1100
1097,1468,1100
1096,1469,1100
1095,1469,1100
1093,1469,1100
1092,1469,1100
1091,1470,1100
1090,1470,1100
1089,1470,1100
1088,1471,1100
1087,1471,1100
1086,1471,1100
1085,1471,1100
1084,1472,1100
1084,1472,1100
1083,1472,1100
1083,1473,1100
1083,1473,1100
1083,1474,1100
1082,1474,1100
1082,1474,1100
1082,1475,1100
1081,1475,1100
1081,1475,1100
1081,1476,1100
1081,1476,1100
1080,1476,1100
1080,1477,1100
1080,1477,1100
1080,1478,1100
1079,1478,1100
1079,1478,1100
1079,1479,1100
1079,1479,1100
1078,1479,1100
1078,1480,1100
1078,1480,1100
1077,1480,1100
1077,1481,1100
1077,1481,1100
1077,1482,1100
1076,1482,1100
1076,1482,1100
1076,1483,1100
1076,1483,1100
1075,1483,1100
1075,1484,1100
1075,1484,1100
1074,1484,1100
1074,1485,1100
1074,1485,1100
1074,1486,1100
1073,1486,1100
1073,1486,1100
1073,1487,1100
1072,1487,1100
1072,1487,1100
1072,1488,1100
1072,1488,1100
1071,1489,1100
1071,1489,1100
1071,1489,1100
1070,1490,1100
1070,1490,1700
1075,1493,1700
1081,1496,1700
1086,1499,1700
1091,1502,1700
1096,1505,1700
1101,1508,1700
1106,1511,1700
1111,1514,1700
1116,1517,1700
1121,1520,1700
1126,1523,1700
1131,1526,1700
1135,1529,1700
1140,1533,1700
1145,1536,1700
1149,1539,1700
1154,1542,1700
1158,1546,1700
1163,1549,1700
1167,1553,1700
1172,1556,1700
1176,1560,1700
1181,1563,1700
1185,1567,1700
1189,1570,1700
1193,1574,1700
1198,1577,1700
1202,1581,1700
1206,1585,1700
1210,1589,1700
1214,1592,1700
1218,1596,1700
1222,1600,1700
1226,1604,1700
1230,1608,1700
1234,1611,1700
1238,1615,1700
1242,1619,1700
1246,1623,1700
1250,1627,1700
1253,1631,1700
1257,1636,1700
1261,1640,1700
1265,1644,1700
1268,1648,1700
1272,1652,1700
1276,1656,1700
1279,1661,1700
1283,1665,1700
1286,1669,1100
1287,1669,1100
1288,1669,1100
1288,1669,1100
1289,1668,1100
1290,1668,1100
1290,1668,1100
1291,1668,1100
1292,1667,1100
1292,1667,1100
1293,1667,1100
1293,1667,1100
1294,1666,1100
1295,1666,1100
1295,1666,1100
1296,1666,1100
1297,1665,1100
1297,1665,1100
1298,1665,1100
1299,1665,1100
1299,1665,1100
1300,1664,1100
1301,1664,1100
1301,1664,1100
1302,1664,1100
1303,1663,1100
1303,1663,1100
1304,1663,1100
1304,1663,1100
1305,1662,1100
1306,1662,1100
1306,1662,1100
1307,1662,1100
1308,1662,1100
1308,1661,1100
1309,1661,1100
1310,1661,1100
1310,1661,1100
1311,1660,1100
1311,1660,1100
1312,1660,1100
1313,1660,1100
1313,1660,1100
1314,1659,1100
1315,1659,1100
1315,1659,1100
1316,1659,1100
1317,1659,1100
1317,1658,1100
1318,1658,1100
1318,1658,1700
1319,1658,1700
1320,1658,1700
1321,1658,1700
1322,1658,1700
1323,1657,1700
1324,1657,1700
1325,1657,1700
1326,1657,1700
1327,1657,1700
1328,1657,1700
1329,1657,1700
1330,1657,1700
1331,1657,1700
1332,1657,1700
1333,1656,1700
1334,1656,1700
1335,1656,1700
1336,1656,1700
1336,1656,1700
1337,1656,1700
1338,1656,1700
1339,1656,1700
1340,1656,1700
1341,1656,1700
1342,1656,1700
1343,1656,1700
1344,1655,1700
1345,1655,1700
1346,1655,1700
1347,1655,1700
1348,1655,1700
1349,1655,1700
1350,1655,1700
1350,1655,1700
1351,1655,1700
1352,1655,1700
1353,1655,1700
1354,1655,1700
1355,1655,1700
1356,1655,1700
1357,1655,1700
1358,1655,1700
1359,1655,1700
1360,1655,1700
1361,1655,1700
1362,1654,1700
1362,1654,1700
1363,1654,1700
1364,1654,1700
1365,1654,1100
1366,1654,1100
1366,1655,1100
1366,1655,1100
1367,1655,1100
1367,1655,1100
1368,1655,1100
1368,1655,1100
1369,1655,1100
1369,1655,1100
1370,1655,1100
1370,1656,1100
1370,1656,1100
1371,1656,1100
1371,1656,1100
1372,1656,1100
1372,1656,1100
1373,1656,1100
1373,1656,1100
1373,1656,1100
1374,1657,1100
1374,1657,1100
1375,1657,1100
1375,1657,1100
1376,1657,1100
1376,1657,1100
1376,1657,1100
1377,1657,1100
1377,1658,1100
1378,1658,1100
1378,1658,1100
1379,1658,1100
1379,1658,1100
1380,1658,1100
1380,1658,1100
1380,1658,1100
1381,1658,1100
1381,1659,1100
1382,1659,1100
1382,1659,1100
1383,1659,1100
1383,1659,1100
1383,1659,1100
1384,1659,1100
1384,1659,1100
1385,1660,1100
1385,1660,1100
1386,1660,1100
1386,1660,1100
1386,1660,1100
1387,1660,1100
1386,1660,1100
1386,1659,1100
1385,1658,1100
1384,1657,1100
1384,1657,1100
1383,1656,1100
1382,1655,1100
1382,1655,1100
1381,1654,1100
1381,1653,1100
1380,1653,1100
1379,1652,1100
1379,1651,1100
1378,1651,1100
1377,1650,1100
1377,1649,1100
1376,1649,1100
1375,1648,1100
1375,1647,1100
1374,1647,1100
1374,1646,1100
1373,1645,1100
1372,1645,1100
1372,1644,1100
1371,1643,1100
1370,1643,1100
1370,1642,1100
1369,1641,1100
1368,1641,1100
1368,1640,1100
1367,1639,1100
1366,1639,1100
1366,1638,1100
1365,1637,1100
1365,1637,1100
1364,1636,1100
1363,1635,1100
1363,1635,1100
1362,1634,1100
1361,1634,1100
1361,1633,1100
1360,1632,1100
1359,1632,1100
1359,1631,1100
1358,1630,1100
1357,1630,1100
1357,1629,1100
1356,1628,1100
1355,1628,1100
1355,1627,1100
1355,1628,1100
1355,1628,1100
1355,1629,1100
1356,1629,1100
1356,1630,1100
1356,1630,1100
1356,1631,1100
1357,1631,1100
1357,1632,1100
1357,1632,1100
1357,1633,1100
1357,1633,1100
1358,1634,1100
1358,1635,1100
1358,1635,1100
1358,1636,1100
1358,1636,1100
1359,1637,1100
1359,1637,1100
1359,1638,1100
1359,1638,1100
1359,1639,1100
1360,1639,1100
1360,1640,1100
1360,1641,1100
1360,1641,1100
1361,1642,1100
1361,1642,1100
1361,1643,1100
1361,1643,1100
1361,1644,1100
1362,1644,1100
1362,1645,1100
1362,1646,1100
1362,1646,1100
1362,1647,1100
1363,1647,1100
1363,1648,1100
1363,1648,1100
1363,1649,1100
1363,1649,1100
1364,1650,1100
1364,1650,1100
1364,1651,1100
1364,1652,1100
1364,1652,1100
1365,1653,1100
1365,1653,1100
1365,1654,1100
1365,1654,1700
1367,1654,1700
1370,1654,1700
1372,1655,1700
1374,1655,1700
1376,1655,1700
1379,1655,1700
1381,1655,1700
1383,1655,1700
1385,1655,1700
1388,1655,1700
1390,1655,1700
1392,1656,1700
1394,1656,1700
1396,1656,1700
1399,1656,1700
1401,1656,1700
1403,1656,1700
1405,1657,1700
1407,1657,1700
1410,1657,1700
1412,1657,1700
1414,1657,1700
1416,1658,1700
1418,1658,1700
1420,1658,1700
1423,1658,1700
1425,1659,1700
1427,1659,1700
1429,1659,1700
1431,1660,1700
1433,1660,1700
1435,1660,1700
1438,1660,1700
1440,1661,1700
1442,1661,1700
1444,1661,1700
1446,1662,1700
1448,1662,1700
1450,1662,1700
1452,1663,1700
1455,1663,1700
1457,1664,1700
1459,1664,1700
1461,1664,1700
1463,1665,1700
1465,1665,1700
1467,1666,1700
1469,1666,1700
1471,1666,1700
1474,1667,1100
1474,1667,1100
1475,1667,1100
1476,1667,1100
1476,1667,1100
1477,1666,1100
1478,1666,1100
1479,1666,1100
1479,1666,1100
1480,1666,1100
1481,1666,1100
1481,1666,1100
1482,1666,1100
1483,1666,1100
1484,1666,1100
1484,1666,1100
1485,1666,1100
1486,1666,1100
1486,1666,1100
1487,1666,1100
1488,1666,1100
1488,1666,1100
1489,1666,1100
1490,1665,1100
1491,1665,1100
1491,1665,1100
1492,1665,1100
1493,1665,1100
1493,1665,1100
1494,1665,1100
1495,1665,1100
1495,1665,1100
1496,1665,1100
1497,1665,1100
1498,1665,1100
1498,1665,1100
1499,1665,1100
1500,1665,1100
1500,1665,1100
1501,1665,1100
1502,1665,1100
1502,1665,1100
1503,1665,1100
1504,1665,1100
1505,1665,1100
1505,1665,1100
1506,1665,1100
1507,1665,1100
1507,1665,1100
1508,1665,1100
1509,1665,1100
1509,1664,1100
1509,1664,1100
1509,1663,1100
1509,1663,1100
1509,1662,1100
1509,1662,1100
1509,1662,1100
1509,1661,1100
1509,1661,1100
1509,1660,1100
1509,1660,1100
1509,1659,1100
1509,1659,1100
1509,1658,1100
1509,1658,1100
1510,1658,1100
1510,1657,1100
1510,1657,1100
1510,1656,1100
1510,1656,1100
1510,1655,1100
1510,1655,1100
1510,1655,1100
1510,1654,1100
1510,1654,1100
1510,1653,1100
1510,1653,1100
1510,1652,1100
1510,1652,1100
1510,1652,1100
1510,1651,1100
1510,1651,1100
1510,1650,1100
1510,1650,1100
1510,1649,1100
1510,1649,1100
1510,1649,1100
1510,1648,1100
1510,1648,1100
1511,1647,1100
1511,1647,1100
1511,1646,1100
1511,1646,1100
1511,1646,1100
1511,1645,1100
1511,1645,1100
1511,1644,1100
1511,1644,1100
1511,1643,1100
1511,1643,1100
1511,1643,1100
1510,1643,1100
1510,1643,1100
1510,1643,1100
1509,1643,1100
1509,1643,1100
1509,1642,1100
1508,1642,1100
1508,1642,1100
1508,1642,1100
1507,1642,1100
1507,1642,1100
1507,1642,1100
1507,1642,1100
1506,1642,1100
1506,1642,1100
1506,1642,1100
1505,1642,1100
1505,1642,1100
1505,1642,1100
1504,1641,1100
1504,1641,1100
1504,1641,1100
1503,1641,1100
1503,1641,1100
1503,1641,1100
1502,1641,1100
1502,1641,1100
1502,1641,1100
1502,1641,1100
1501,1641,1100
1501,1641,1100
1501,1641,1100
1500,1641,1100
1500,1641,1100
1500,1640,1100
1499,1640,1100
1499,1640,1100
1499,1640,1100
1498,1640,1100
1498,1640,1100
1498,1640,1100
1497,1640,1100
1497,1640,1100
1497,1640,1100
1496,1640,1100
1496,1640,1100
1496,1640,1100
1496,1640,1100
1495,1640,1100
1495,1640,1100
1494,1641,1100
1493,1641,1100
1493,1642,1100
1492,1642,1100
1491,1643,1100
1490,1643,1100
1490,1644,1100
1489,1644,1100
1488,1645,1100
1488,1645,1100
1487,1646,1100
1486,1646,1100
1486,1647,1100
1485,1648,1100
1484,1648,1100
1484,1649,1100
1483,1649,1100
1482,1650,1100
1481,1650,1100
1481,1651,1100
1480,1651,1100
1479,1652,1100
1479,1653,1100
1478,1653,1100
1477,1654,1100
1477,1654,1100
1476,1655,1100
1475,1655,1100
1474,1656,1100
1474,1657,1100
1473,1657,1100
1472,1658,1100
1472,1658,1100
1471,1659,1100
1470,1659,1100
1469,1660,1100
1469,1661,1100
1468,1661,1100
1467,1662,1100
1466,1662,1100
1466,1663,1100
1465,1664,1100
1464,1664,1100
1464,1665,1100
1463,1665,1100
1462,1666,1100
1461,1667,1100
1461,1667,1100
1460,1668,1700
1463,1666,1700
1467,1664,1700
1470,1663,1700
1474,1661,1700
1477,1659,1700
1480,1658,1700
1484,1656,1700
1487,1655,1700
1490,1653,1700
1494,1652,1700
1497,1651,1700
1500,1649,1700
1503,1648,1700
1507,1646,1700
1510,1645,1700
1513,1644,1700
1516,1643,1700
1520,1641,1700
1523,1640,1700
1526,1639,1700
1529,1638,1700
1532,1637,1700
1536,1636,1700
1539,1635,1700
1542,1634,1700
1545,1633,1700
1548,1632,1700
1551,1631,1700
1555,1630,1700
1558,1629,1700
1561,1628,1700
1564,1627,1700
1567,1626,1700
1570,1626,1700
1573,1625,1700
1576,1624,1700
1580,1623,1700
1583,1623,1700
1586,1622,1700
1589,1621,1700
1592,1621,1700
1595,1620,1700
1598,1619,1700
1601,1619,1700
1604,1618,1700
1607,1618,1700
1610,1617,1700
1614,1617,1700
1617,1616,1700
1620,1616,1100
1620,1616,1100
1621,1616,1100
1621,1616,1100
1621,1617,1100
1622,1617,1100
1622,1617,1100
1623,1617,1100
1623,1617,1100
1623,1617,1100
1624,1618,1100
1624,1618,1100
1625,1618,1100
1625,1618,1100
1626,1618,1100
1626,1619,1100
1626,1619,1100
1627,1619,1100
1627,1619,1100
1628,1619,1100
1628,1619,1100
1629,1620,1100
1629,1620,1100
1629,1620,1100
1630,1620,1100
1630,1620,1100
1631,1621,1100
1631,1621,1100
1632,1621,1100
1632,1621,1100
1632,1621,1100
1633,1621,1100
1633,1622,1100
1634,1622,1100
1634,1622,1100
1634,1622,1100
1635,1622,1100
1635,1623,1100
1636,1623,1100
1636,1623,1100
1637,1623,1100
1637,1623,1100
1637,1624,1100
1638,1624,1100
1638,1624,1100
1639,1624,1100
1639,1624,1100
1640,1624,1100
1640,1625,1100
1640,1625,1100
1641,1625,1100
1641,1625,1100
1640,1624,1100
1640,1624,1100
1640,1623,1100
1640,1623,1100
1640,1622,1100
1639,1622,1100
1639,1621,1100
1639,1621,1100
1639,1620,1100
1638,1620,1100
1638,1619,1100
1638,1619,1100
1638,1619,1100
1638,1618,1100
1637,1618,1100
1637,1617,1100
1637,1617,1100
1637,1616,1100
1636,1616,1100
1636,1615,1100
1636,1615,1100
1636,1614,1100
1636,1614,1100
1635,1613,1100
1635,1613,1100
1635,1612,1100
1635,1612,1100
1634,1612,1100
1634,1611,1100
1634,1611,1100
1634,1610,1100
1633,1610,1100
1633,1609,1100
1633,1609,1100
1633,1608,1100
1633,1608,1100
1632,1607,1100
1632,1607,1100
1632,1606,1100
1632,1606,1100
1631,1606,1100
1631,1605,1100
1631,1605,1100
1631,1604,1100
1630,1604,1100
1630,1603,1100
1630,1603,1100
1630,1602,1100
1630,1602,1100
1629,1602,1100
1629,1601,1100
1629,1601,1100
1629,1601,1100
1629,1601,1100
1629,1601,1100
1628,1600,1100
1628,1600,1100
1628,1600,1100
1628,1600,1100
1628,1599,1100
1628,1599,1100
1627,1599,1100
1627,1599,1100
1627,1599,1100
1627,1598,1100
1627,1598,1100
1627,1598,1100
1626,1598,1100
1626,1598,1100
1626,1597,1100
1626,1597,1100
1626,1597,1100
1626,1597,1100
1625,1597,1100
1625,1596,1100
1625,1596,1100
1625,1596,1100
1625,1596,1100
1624,1596,1100
1624,1595,1100
1624,1595,1100
1624,1595,1100
1624,1595,1100
1624,1594,1100
1623,1594,1100
1623,1594,1100
1623,1594,1100
1623,1594,1100
1623,1593,1100
1623,1593,1100
1622,1593,1100
1622,1593,1100
1622,1593,1100
1622,1592,1100
1622,1592,1100
1622,1592,1100
1621,1592,1100
1621,1592,1100
1621,1591,1100
1621,1592,1100
1621,1592,1100
1621,1593,1100
1621,1593,1100
1621,1594,1100
1621,1594,1100
1621,1595,1100
1621,1595,1100
1621,1596,1100
1621,1596,1100
1621,1597,1100
1621,1597,1100
1621,1598,1100
1621,1598,1100
1621,1599,1100
1621,1599,1100
1621,1600,1100
1621,1600,1100
1621,1601,1100
1621,1601,1100
1621,1602,1100
1621,1602,1100
1621,1603,1100
1621,1603,1100
1621,1604,1100
1621,1604,1100
1621,1604,1100
1620,1605,1100
1620,1605,1100
1620,1606,1100
1620,1606,1100
1620,1607,1100
1620,1607,1100
1620,1608,1100
1620,1608,1100
1620,1609,1100
1620,1609,1100
1620,1610,1100
1620,1610,1100
1620,1611,1100
1620,1611,1100
1620,1612,1100
1620,1612,1100
1620,1613,1100
1620,1613,1100
1620,1614,1100
1620,1614,1100
1620,1615,1100
1620,1615,1100
