1871,1998,1100
1870,1994,1100
1870,1989,1100
1869,1985,1100
1868,1981,1100
1867,1977,1100
1867,1973,1100
1866,1969,1100
1865,1965,1100
1864,1961,1100
1863,1957,1100
1863,1953,1100
1862,1949,1100
1861,1945,1100
1860,1941,1100
1859,1937,1100
1858,1933,1100
1857,1929,1100
1856,1925,1100
1855,1921,1100
1854,1917,1100
1853,1914,1100
1851,1910,1100
1850,1906,1100
1849,1902,1100
1848,1898,1100
1847,1895,1100
1846,1891,1100
1844,1887,1100
1843,1883,1100
1842,1880,1100
1841,1876,1100
1839,1872,1100
1838,1868,1100
1837,1865,1100
1835,1861,1100
1834,1857,1100
1832,1854,1100
1831,1850,1100
1829,1846,1100
1828,1843,1100
1826,1839,1100
1825,1836,1100
1823,1832,1100
1822,1828,1100
1820,1825,1100
1819,1821,1100
1817,1818,1100
1815,1814,1100
1814,1810,1100
1812,1810,1100
1815,1809,1100
1817,1809,1100
1820,1808,1100
1823,1807,1100
1826,1807,1100
1828,1806,1100
1831,1806,1100
1834,1805,1100
1836,1805,1100
1839,1805,1100
1842,1804,1100
1845,1804,1100
1847,1803,1100
1850,1803,1100
1853,1803,1100
1856,1802,1100
1858,1802,1100
1861,1802,1100
1864,1801,1100
1867,1801,1100
1869,1801,1100
1872,1801,1100
1875,1800,1100
1878,1800,1100
1881,1800,1100
1883,1800,1100
1886,1800,1100
1889,1799,1100
1892,1799,1100
1895,1799,1100
1897,1799,1100
1900,1799,1100
1903,1799,1100
1906,1799,1100
1909,1799,1100
1912,1799,1100
1914,1799,1100
1917,1799,1100
1920,1799,1100
1923,1799,1100
1926,1799,1100
1929,1799,1100
1932,1799,1100
1935,1800,1100
1938,1800,1100
1940,1800,1100
1943,1800,1100
1946,1800,1100
1949,1800,1100
1952,1804,1100
1954,1807,1100
1956,1810,1100
1958,1813,1100
1960,1817,1100
1962,1820,1100
1964,1823,1100
1966,1826,1100
1967,1829,1100
1969,1833,1100
1971,1836,1100
1973,1839,1100
1974,1842,1100
1976,1846,1100
1978,1846,1100
1978,1846,1100
1975,1846,1100
1971,1846,1100
1967,1846,1100
1964,1846,1100
1960,1846,1100
1956,1846,1100
1953,1846,1100
1949,1846,1100
1945,1846,1100
1942,1846,1100
1938,1846,1100
1935,1846,1100
1931,1846,1100
1927,1846,1100
1924,1846,1100
1920,1846,1100
1916,1846,1100
1913,1846,1100
1909,1846,1100
1906,1846,1100
1902,1846,1100
1898,1846,1100
1895,1846,1100
1891,1846,1100
1888,1846,1100
1884,1846,1100
1881,1846,1100
1877,1846,1100
1873,1846,1100
1870,1846,1100
1866,1846,1100
1863,1846,1100
1859,1846,1100
1855,1846,1100
1852,1846,1100
1848,1846,1100
1845,1846,1100
